1078
1300
1440
2285
2403
2663
2817
2991
3144
3170
3413
3532
3835
3897
4029
4199
4503
4839
5046
5047
5439
5597
6066
6104
6375
6435
6502
7163
7241
7257
7366
7435
7585
7923
7977
8099
8247
8272
8479
8530
8539
8543
8549
8762
8810
9203
9846
9850
10499
10867
11456
11465
11636
2490
4194
5860
1995
5229
5568
8446
1408
11446
1356
8606
1976
4087
8264
5234
4060
10983
8972
9667
3650
4321
9465
1920
2574
7260
3121
5071
10156
7881
7154
6730
2086
2111
10332
6266
5125
5606
11506
2044
4988
6078
2255
1447
2547
2968
3505
3980
4093
4517
6742
7647
8007
3024
1177
3813
6008
7772
2154
10519
10405
7750
11060
11264
1487
4818
4598
8253
1891
5256
7085
3336
1722
9411
7116
11259
9778
10016
2435
1690
8068
9299
3362
6733
2136
9899
61489
6829
8823
1380
1161
6774
4040
5518
1988
7866
10190
9258
1209
8030
4145
7985
5742
11672
4058
8358
5878
6268
4990
7922
7228
2269
10247
3310
7065
1913
8304
5680
8245
3243
10187
7409
7906
4213
7875
10614
10984
12142
7904
2783
9372
1878
7017
23978
10860
11910
1602
15708
25124
12136
6136
29028
20779
29392
9783
12726
12141
9882
10903
13714
9699
7343
25279
1704
2019
6781
31846
10420
28349
14590
12124
4611
8455
3231
27914
6529
61739
4640
12053
3221
14489
63800
10530
23809
12540
2751
13988
4423
1678
11923
13341
5786
10035
6304
65417
11856
14824
4066
12123
7982
9555
4885
28930
30990
10121
14477
25283
4674
8402
14650
24216
15521
12756
9359
3735
13498
4723
26011
25056
7171
2884
27845
3439
1449
14624
61591
2184
11228
24800
61552
25338
1075
1632
12138
6649
4242
125533
22325
10453
61676
7506
62634
12389
12216
14324
126554
25434
14623
13646
66708
137232
29241
14934
139665
112033
1661
7974
16478
5723
4843
2312
27928
133768
1279
10115
29791
28195
135484
3062
12635
119417
64156
11687
144066
4560
144559
31673
6097
24318
10277
117768
28733
12233
61574
15709
7067
4737
22794
31122
29389
10920
16721
114524
114628
143356
145701
145046
140760
62689
120877
3226
64166
9063
30490
7146
15855
66731
29984
7186
25356
24468
4699
63501
30697
7637
15247
160255
24856
140541
14960
110685
12886
28256
63892
6307
2710
25340
10793
11220
7620
10096
23877
164708
6669
25880
64768
158354
24893
165675
61567
66368
12788
27786
24731
64925
160329
62655
61513
6653
121718
120093
174490
174729
149070
175263
9772
13599
165993
260774
111864
142460
8873
12206
176282
29875
64891
11115
122015
11555
65609
7063
63643
142953
157057
60992
8717
177376
125595
6682
27965
163610
10466
178310
126296
7912
4494
166451
6216
62984
8694
105365
145049
6788
11300
10631
60894
179621
13125
136725
9904
147175
20548
141400
29968
180167
160225
61483
29804
163946
14225
157855
5492
14359
14282
4108
179700
149337
11550
9777
16245
13700
149318
23945
63527
118577
4094
112168
4430
25783
28477
8215
9445
62374
5543
61409
5709
110179
7970
28180
176404
20653
142811
3905
160256
11399
66446
122841
4510
183257
12950
175404
119314
9248
179534
165123
3107
180833
24925
135990
29150
2176
164296
5581
8151
12850
64410
154357
28034
10787
5959
121077
147579
12485
29173
186106
11925
13003
177264
133366
124434
165914
162448
186989
143357
162129
177267
189491
3497
1837
24782
28742
31587
199356
187128
113490
28118
170841
6310
62263
6565
24316
150937
2270
294524
8463
14438
12978
28648
4016
141459
118122
16101
8551
23812
29868
6335
5073
13721
18043
100873
3851
1598
24344
28338
198058
316056
28119
25119
170617
143974
29736
28877
30293
165052
180711
150699
65886
29733
18086
11032
66065
13440
28191
22260
63645
1327
61494
1045
65290
138743
175319
30822
64853
5783
22734
29830
23827
145977
24616
15520
180405
10795
180652
26156
26410
20686
138205
26304
3026
144009
160479
4605
21825
177884
179437
10894
20904
145552
11584
178704
141913
146017
1230
24609
27119
160991
155394
4973
148349
188255
11554
29751
26590
65772
126136
3504
12151
26709
28070
27333
28192
27638
27800
28499
28790
29649
65967
28719
24197
30923
29004
29819
29127
184500
29099
60900
24975
8898
64821
12441
29155
162906
5643
61388
63080
141384
32106
32154
9771
13510
14418
31887
128978
31774
17928
121382
13421
104432
31802
186310
175955
17120
64630
30137
178507
326688
33326
13619
33439
6338
18872
5667
176928
184700
29901
20748
260778
9225
183377
20232
11811
14256
170750
162254
14275
10407
34765
4383
60979
34636
34443
35035
35168
100243
158742
17874
15267
28320
12459
161844
171007
14822
24617
24405
25313
165746
20116
30098
35978
36190
36191
160211
162887
11376
2220
10789
126721
